-9.602770041218350E+002	-1.576668629948534E+002
-5.924445576791391E+001	 1.946232999981081E+002
 4.412974483814214E+001	-3.128840626413780E+001
-2.799520137778906E+001	 9.192279549907841E+000
 2.704189794606916E+001	-5.365675097730979E+000
-2.771089229187466E+001	 4.307404326658578E+000
 4.329059933256646E+001	 4.352262426774730E+001
 2.415122787328658E+001	-8.613491914305200E+000
-5.761028867453247E+000	-3.954042447403319E-001
 3.288354710281417E+000	-1.454167342133843E-001
-2.354479947187921E+000	-3.346441272172989E-001
 1.736214941110624E+000	 1.130717245298878E+000
 5.121050647102579E-001	-1.196991131424433E+000
-8.178455332288945E-001	 4.737793655465651E-001
 2.367473703789071E-001	 4.205742144653880E-002
-1.173233234048144E-001	-2.539638860244225E-002
 5.721916093172874E-002	 5.835781783906564E-002
 5.459545069092299E-003	-7.286313313594694E-002
-1.493742431606808E-002	 3.631831017131749E-002
 2.023421511891101E-002	-1.879050068288981E-002
-9.965039546981098E-003	-7.436135645547198E-003
 3.252478438943138E-003	 4.162202823324742E-003
-1.446849546395056E-003	-3.841543739901454E-003
 1.418344512054580E-004	 2.134313084941472E-003
 5.338434937558480E-004	-1.330283357174317E-003
-8.493693360689934E-004	 6.787346854189696E-005
 5.269574698135624E-004	 3.452616961556990E-004
-1.306351826526270E-004	-1.882330109505652E-004
 4.644381074423083E-005	 1.133297665708691E-004
 1.516104650325779E-005	-7.491896624796973E-005
-5.241418066678966E-005	 2.605263516384106E-005
 3.965761779635708E-005	-2.670067657628474E-007
-1.826005209856628E-005	-8.881459501396590E-006
 1.928055882129211E-006	 7.868995873480950E-006
 6.992725263742455E-007	-4.702380850808239E-006
-2.625747679447457E-006	 3.012351203735052E-006
 2.100910436882520E-006	-1.109578481437755E-006
-1.227013085956745E-006	-3.778896931785993E-008
 3.792027344800643E-007	 5.270824551112008E-007
 1.041877570369624E-008	-4.526303641633599E-007
-8.610066915994826E-008	 2.301123884567647E-007
 8.594101122948592E-008	-1.052474154717397E-007
-6.927769907337247E-008	 1.684246650423303E-008
 3.906329477419103E-008	 2.747915836324306E-008
-1.447546265701200E-008	-3.033146449740908E-008
 7.189398148679841E-010	 1.772055991318968E-008
 3.908783169117322E-009	-6.454141151822633E-009
-4.087205739695264E-009	 1.798895644776259E-009
 3.365858462186968E-009	 8.391691087538863E-010
-1.759170498166514E-009	-1.353307428281746E-009
 4.766976056231528E-010	 1.001784930573616E-009
 1.758034489516270E-010	-5.023954257425402E-010
-3.026879487428934E-010	 1.869252166322515E-010
 2.302309407300493E-010	-3.400311467445801E-011
-1.325746086661814E-010	-2.968909203650263E-011
 4.512084706882938E-011	 4.823944050528531E-011
 3.114941386988968E-012	-3.904392216091138E-011
-1.659204804450104E-011	 2.213760749044571E-011
 1.377913530282262E-011	-8.294209668102560E-012
-7.659964862241733E-012	 6.386240862418144E-013
 3.386634420232305E-012	 2.318603744117827E-012
-7.081158867868314E-013	-2.843351485576730E-012
-3.954177526888468E-013	 1.916146088326695E-012
 6.017252809780448E-013	-8.261126547349021E-013
-4.584784873876714E-013	 1.403022702392981E-013
 2.690412490541056E-013	 1.260679279752355E-013
-1.232473277411086E-013	-1.703491482567319E-013
 2.905332834928447E-014	 1.233978466729145E-013
 1.766574800531589E-014	-5.854233503153842E-014
-2.808790212271260E-014	 1.671457570747350E-014
 2.388862917333231E-014	 1.643931090106969E-015
-1.300775501436646E-014	-7.937701327386814E-015
 4.528805927737827E-015	 7.838705591402386E-015
-1.525734243463489E-015	-4.493782382482122E-015
-1.572505284020936E-015	 7.990091228206529E-016
 1.896559258277705E-015	-3.016402345603388E-015
-6.284723597922794E-016	-4.102711435673356E-016
 7.886609809395232E-016	 1.248406157919900E-015
 1.307472258946374E-015	-7.102805904662996E-017
-9.872337789789509E-016	 2.764094732065565E-015
 1.886888118736734E-015	 3.401277953102068E-016
 1.100231009404724E-015	 2.763122274585651E-016
 4.189963343190053E-016	 7.885116762392830E-017
 8.644085160837853E-016	 2.211377590387902E-015
 9.502924733325564E-016	 2.444245387484383E-017
-1.636472263951426E-015	-1.623459765567097E-015
-8.802511960221675E-016	 4.918337128045119E-016
 8.004867072628323E-016	 5.670917501661448E-016
 4.538465616408149E-016	-6.068177086866978E-016
-9.722107041233386E-016	 2.583234432117356E-015
-2.218019180361254E-015	 1.587244948739601E-016
 1.170676377844586E-016	 1.328443228085982E-015
-1.583525514154212E-015	-4.691187750330078E-016
-2.040828712498624E-015	 3.260152972048827E-016
 5.495147886350375E-016	 3.971082156345808E-016
-6.937881850710445E-016	 8.406938723948767E-016
-7.601146790116818E-016	-4.002793960926701E-016
 1.613300204923945E-015	-1.146214241730592E-015
 9.387832785728771E-016	-4.765049672306239E-016
 2.354965272010557E-015	 1.831626802664553E-015
-3.090931038247698E-016	-7.758263245475563E-016
-2.062383297304821E-016	-5.046378552377438E-016
 1.039936162816871E-015	-2.588026045491420E-016
-2.679178775930013E-016	 3.455438400436951E-016
 1.024732737735395E-015	 6.793698772290503E-016
 5.584089907665355E-016	-1.218212552851804E-015
-1.043475051129280E-015	 2.412639876411173E-015
 5.789346862522400E-018	-8.479522725304742E-016
 2.566717547207151E-016	 3.271591355853801E-016
-4.233518986970069E-016	 2.181627055481569E-015
 5.168202401482206E-016	 1.104152414837231E-015
 3.654708618138075E-016	-2.596711160210607E-015
 4.489010247102202E-016	-2.390453940792115E-015
 6.631720476147577E-016	-3.160258020014436E-015
 3.870275952876632E-017	 1.056069863784955E-015
-3.884081176078627E-016	-5.171449836889240E-016
-1.136800439270929E-015	-2.457883492335333E-015
-1.219768302338475E-015	-1.363868971048930E-016
-9.215238495965866E-017	 8.058812684127637E-016
-2.799760119398565E-016	 4.998254271173478E-016
-8.596445960364819E-016	 4.884780418803136E-016
-2.943446916425812E-015	-9.472975763617138E-016
-2.037436656571461E-017	-1.923481212724743E-016
 5.521602697718494E-016	-1.019126561105584E-015
 4.922958577596893E-016	-1.401951657453718E-015
 9.919833255665946E-016	-9.856348236055185E-016
 1.069569855847157E-015	-1.020176346997431E-015
-5.279233852024610E-016	 1.453243675090141E-015
-2.864653535256571E-015	 1.236878257109693E-015
 7.559854409546757E-016	-6.196369907718283E-016
-2.751766441165874E-016	 9.795866877550703E-016
-2.055776681844701E-017	-2.317798412136048E-016
-2.931703496370449E-016	 7.002056051655149E-017
 7.283306531896167E-017	-8.118284515901725E-016
 7.499830651449637E-016	 2.425450986096813E-015
-2.864468157492167E-015	-5.616216710627404E-016
-4.546051087279083E-016	-1.795931083547757E-015
 1.155412480855681E-015	-1.344492634075387E-015
-1.468200935685314E-015	-8.365530222362618E-017
 8.335704971957949E-016	 1.888857683397638E-015
 3.613577962099589E-016	 8.873940230995142E-017
-2.587333509118115E-016	-2.126319960970363E-016
 2.579724605486816E-016	 1.778715639401708E-016
 2.039119357990746E-016	 7.214960388707261E-016
 1.094865050986509E-015	-1.658010795223116E-015
-8.438979674503459E-016	 1.356140096138280E-015
 8.350982026426127E-016	-1.097069246392568E-015
 1.065695966757348E-015	 3.832226146119145E-016
 9.147173958486002E-016	-6.634250479127803E-016
-5.149037203219930E-016	-4.051437744245586E-016
 9.945540443036453E-016	-2.411915507480770E-016
-7.368333918323037E-016	-3.404044835338144E-016
 2.226591999997541E-015	-1.251109301740186E-015
 1.210164331540375E-015	-7.071097132800714E-016
 3.744926066542630E-016	-1.263913801852704E-015
 1.090727576922322E-015	-8.755125775249434E-017
-8.964910061006952E-016	 6.038405306561501E-016
-1.406159496540485E-016	-4.980556826936634E-016
 1.169534831340393E-016	-3.372866955376860E-016
-2.209932393662570E-015	 1.225549918723450E-015
 1.710175612772819E-015	 5.664178047615643E-016
-1.843905922137673E-015	 4.249095626487225E-016
 1.079019131294704E-015	-2.423023728913761E-016
 5.002335417745277E-017	 1.704061990828107E-015
 1.156625971557276E-015	 1.081414975467134E-015
 1.476372532160568E-015	-2.893905156269895E-015
 8.238203177519581E-017	 3.097945936849850E-016
 3.713910076421406E-016	-8.672885118266266E-016
 8.151210925773675E-016	-1.291987762736345E-015
-2.675918774394342E-015	-4.425583921285343E-018
-9.097157111141470E-016	 4.178558704488139E-016
 1.356608913940438E-015	 1.983407617153159E-015
-1.833456360687220E-015	 3.822340151316891E-016
 5.039474699461372E-016	 1.679582180536551E-015
-3.282258438233240E-016	 1.398688838066075E-015
 8.455739922825358E-016	 2.325167165306787E-016
-6.571638557201889E-017	-5.042060288114276E-016
 7.929703404609792E-016	 6.228747164378689E-017
-5.258374439293165E-017	-1.636500803264630E-015
-5.298580985387675E-016	 4.338790997272308E-016
-1.678368289107930E-015	-5.057189691025585E-016
 7.883015168827411E-016	 1.081443515167931E-015
 4.103053887339958E-016	-9.005990063410104E-017
 6.470364377974029E-016	 1.123451661174147E-015
-1.107814313227797E-015	 4.598109431900852E-016
 1.819275711584912E-015	-1.658045704527742E-016
 5.184427121287561E-016	-2.203474539885103E-016
 7.408731678785791E-016	-1.131036305046853E-018
 7.674238006349374E-016	-8.189954607263696E-016
 3.569326068877234E-016	 1.384358570661256E-015
 1.460264360768169E-015	 1.187922436414180E-015
 1.468154857715754E-015	 2.841201016497716E-015
 2.202386850462792E-015	-6.547145284390768E-016
-1.545459494223632E-015	-1.164620630333701E-015
 1.115739108357360E-015	 9.328036881321754E-016
 1.795960001124379E-015	-1.016803638865869E-015
 8.884653544961649E-018	-5.356696278382552E-016
-4.038881514137339E-016	 3.951078950330275E-016
 9.286656014688976E-016	-5.496688154929312E-017
 8.619100100003674E-016	 1.809092386053015E-015
-2.947917676799278E-016	 1.376692066791059E-015
 2.644845637523307E-015	-2.987875807029269E-015
 9.767300405180933E-016	 7.330732442522412E-016
 1.512248099867846E-015	-2.216683612894916E-015
-1.697511060161839E-015	-3.366407032194864E-016
-3.028608272515198E-016	 1.426075956252213E-015
-1.893751825627685E-015	 9.203197072721243E-016
 1.836044999173079E-016	-8.900719215605518E-016
 9.263052625365041E-016	 1.434253522804703E-015
-8.210079398933117E-016	-6.842292402419178E-017
-2.116867556423781E-016	-3.596800340556606E-016
-9.834685185283966E-016	-2.157273044416337E-015
 2.251595549728846E-017	-6.978984618137770E-017
-3.403467051564993E-016	-3.708998957561713E-015
-3.959805176295775E-016	 2.042852760474388E-017
 4.363189190257612E-016	-1.437404369115633E-015
-2.015286636170038E-015	-6.888198586041762E-017
 2.286517997271504E-015	-5.696277528977044E-016
 8.310430993112951E-016	 5.866621610968897E-016
-1.170842573580672E-015	-4.244959034345243E-016
 6.274954606527787E-016	-6.606298596657527E-016
 2.517526666239504E-015	-7.431336487040921E-016
-1.109167240924995E-015	 7.406063121486115E-016
-3.105392645706002E-015	 5.947495321217776E-017
-2.789760477054395E-015	 4.217018513143947E-016
-1.569307861876939E-015	-5.255988006166462E-016
 1.421450674683652E-016	 2.216898626694997E-016
-1.180972646473298E-015	 1.930124338738223E-015
-5.120221214560534E-017	 5.807964306258234E-016
-1.872123689023812E-015	 1.369789310426706E-015
 1.934674754393270E-015	-1.345222138903423E-015
-1.680696703128245E-015	 1.599376199821216E-015
 2.121862486593351E-017	 1.896713911950159E-015
 5.886734517094015E-016	 2.983978740372866E-015
 9.398439322546903E-017	 9.310177260842019E-016
-9.664078996509340E-016	-7.119596355606084E-016
-5.567326552974347E-016	-9.731018013112194E-016
 3.430170551534860E-015	 3.390596596414172E-015
 8.613589940624288E-016	-4.518948042651861E-016
-1.247743858353066E-015	-1.133068410921866E-015
 4.115926763705506E-016	-2.469993136229080E-015
-8.550403162606259E-016	-1.752801429248271E-017
 6.838446300959433E-016	-2.729219375904888E-016
 9.742784755286269E-016	 1.549518442167789E-016
-5.477666885483191E-017	 2.349972928250320E-015
-3.743604974254392E-016	-9.066883335965932E-016
-1.572972866907786E-016	 1.887713607489464E-016
-3.454130075808013E-016	-2.759240883923149E-015
-4.392054253823475E-016	 1.540628254296558E-015
 4.735805061884259E-016	 6.300581678967225E-016
-2.209944319945073E-017	 9.453068976629401E-016
-1.189704756696658E-015	-2.629247047465769E-015
 1.144828168206154E-015	-1.591932568043088E-015
 2.710760741228315E-016	 1.356082894035047E-015
-8.147056124481629E-016	-1.837077574482270E-015
 6.071779079134880E-016	 1.019271965810679E-015
-3.200823551848529E-017	 3.348720014258807E-015
 1.094739249367364E-015	-3.084342478273663E-016
 3.410619391909861E-016	-2.971715288169848E-016
 9.753547095590296E-016	 1.323723745313808E-015
 5.365863731809309E-016	 5.585100691738062E-016
 1.852579509012700E-015	-5.157128410921936E-016
-1.789520977199528E-015	-2.004671227678599E-015
 5.168648675923323E-016	 8.498172610619971E-016
 6.415625984392058E-017	-5.090476750719358E-016
-4.749080200731095E-016	 2.739784759121020E-016
 1.342578353043805E-016	 1.157276843756593E-015
-7.662211645105194E-016	 3.096881455589958E-016
 3.539284481197131E-018	 1.390945689799887E-015
 1.701728259882625E-015	-1.017605507367941E-016
-4.345955033908713E-016	-1.670905269610393E-015
-3.200710920707283E-015	 6.533588833900227E-016
 2.113164233210707E-016	 5.675967379974974E-016
 5.208453214844082E-016	-2.449223175099481E-015
-9.491198355364510E-016	 3.919189792961798E-016
 3.893930971455908E-016	-1.781084065175925E-015
 1.869102500154871E-016	 5.942429583260157E-016
 3.901764138578528E-016	-8.453895718317891E-016
 9.253991758410092E-017	 6.123599713454091E-016
-1.449011795584022E-015	 3.112791991702242E-016
 3.830312403882672E-017	 3.324695521259716E-016
-6.156356816838818E-016	 4.516867283100444E-016
-1.899427406434888E-015	 1.424373892575089E-015
 2.716246526027059E-016	-4.036411191360304E-016
-1.292962752009765E-015	-2.388029046942611E-016
 6.073069756655103E-016	 1.012148219316279E-015
-6.986656900836683E-016	-7.904477812036904E-016
 1.121940695896234E-016	-1.034927535879629E-015
-1.655522091273382E-015	 5.398569145739254E-016
-1.140897754507427E-016	 7.435243641801997E-016
-7.418245393606086E-016	-3.792490707853091E-016
-5.983410812884356E-016	-5.200588938499802E-016
 2.005562177840797E-015	-7.518154965541791E-016
-1.002375312751449E-015	-6.167234753286789E-016
-5.643754024050352E-016	 1.612217900315572E-015
 2.603945968949760E-016	-2.025861096031654E-015
-2.006938573843025E-016	 1.312202950719566E-015
-5.343623635010734E-016	 7.919455027827036E-016
-1.232741667869405E-017	-2.706940138525315E-016
 1.181559148245128E-015	-5.469398722500667E-016
 4.503762345260076E-016	 1.926090774426700E-015
-5.903948625584394E-016	 6.658865299488951E-016
-2.922378429947586E-017	-1.023801095370354E-015
-4.789419210415947E-016	-1.268451842382848E-015
-7.119851434552431E-016	-7.686283446041517E-016
-6.865660606480675E-016	 5.291930919559507E-016
-5.415059921813597E-016	-2.796478540820285E-016
 2.301086676617595E-016	-2.129090931613180E-015
-1.787967513853672E-016	-4.149737353593321E-016
 1.631122195292553E-015	 6.799673335096853E-016
-1.191874203052561E-015	-8.625833400661448E-016
 1.104714525813079E-015	 4.779559450750092E-016
-6.304062521140589E-016	 1.740631950715940E-015
 1.955104549761111E-016	 4.442191520047157E-016
 1.185075727320370E-015	 2.158982876589800E-015
-1.450172806340435E-015	 9.166554118753936E-016
 2.702972808244534E-016	-1.284925867019551E-015
 1.558958367042318E-015	 4.485258942078924E-016
-4.623348440192998E-016	 1.330172793496452E-015
 2.307677618963731E-017	-3.533419308842187E-015
 2.566568409692231E-015	-6.362208117853318E-016
-2.794167606370745E-016	 2.745267343187980E-016
 1.306588144070659E-015	-8.661321453476913E-016
 3.713470756591819E-016	-1.239814346692388E-016
 1.560859238119953E-015	 2.335290095456635E-016
 3.930594556678051E-016	 7.244753827791891E-016
-9.516684285780753E-016	 3.682510981105991E-015
 6.248748415147227E-016	-4.479391482565975E-016
-1.494506042428217E-016	 7.966896464799132E-016
 8.461864690378245E-016	-1.494772307033455E-015
-2.899852934360210E-018	 8.926794878940645E-016
-2.366213905907570E-016	 1.871373466318967E-015
-2.351796374605231E-016	 4.101381850202088E-016
-2.343982988055696E-015	 6.950126425094148E-017
 3.421833418767004E-016	 5.314323478599466E-016
 1.973674084865534E-017	-5.363276201767953E-016
-8.729665096213320E-017	-2.319085725810418E-016
 6.738692600138973E-016	-1.264289042255971E-016
-1.165066160622193E-015	-9.080744025596832E-016
 1.919442316074455E-016	-7.908556172986474E-016
 7.822433418884100E-016	-1.175224224661540E-015
 1.569757669313195E-015	-1.558605869580354E-015
 0.000000000000000E+000	 0.000000000000000E+000
 0.000000000000000E+000	 0.000000000000000E+000
 0.000000000000000E+000	 0.000000000000000E+000
 0.000000000000000E+000	 0.000000000000000E+000
 0.000000000000000E+000	 0.000000000000000E+000
 0.000000000000000E+000	 0.000000000000000E+000
 0.000000000000000E+000	 0.000000000000000E+000
 0.000000000000000E+000	 0.000000000000000E+000
 0.000000000000000E+000	 0.000000000000000E+000
 0.000000000000000E+000	 0.000000000000000E+000
 0.000000000000000E+000	 0.000000000000000E+000
 0.000000000000000E+000	 0.000000000000000E+000
 0.000000000000000E+000	 0.000000000000000E+000
 0.000000000000000E+000	 0.000000000000000E+000
 0.000000000000000E+000	 0.000000000000000E+000
 0.000000000000000E+000	 0.000000000000000E+000
 0.000000000000000E+000	 0.000000000000000E+000
 0.000000000000000E+000	 0.000000000000000E+000
 0.000000000000000E+000	 0.000000000000000E+000
 0.000000000000000E+000	 0.000000000000000E+000
 0.000000000000000E+000	 0.000000000000000E+000
 0.000000000000000E+000	 0.000000000000000E+000
 0.000000000000000E+000	 0.000000000000000E+000
 0.000000000000000E+000	 0.000000000000000E+000
 0.000000000000000E+000	 0.000000000000000E+000
 0.000000000000000E+000	 0.000000000000000E+000
 0.000000000000000E+000	 0.000000000000000E+000
 0.000000000000000E+000	 0.000000000000000E+000
 0.000000000000000E+000	 0.000000000000000E+000
 0.000000000000000E+000	 0.000000000000000E+000
 0.000000000000000E+000	 0.000000000000000E+000
 0.000000000000000E+000	 0.000000000000000E+000
 0.000000000000000E+000	 0.000000000000000E+000
 0.000000000000000E+000	 0.000000000000000E+000
 0.000000000000000E+000	 0.000000000000000E+000
 0.000000000000000E+000	 0.000000000000000E+000
 0.000000000000000E+000	 0.000000000000000E+000
 0.000000000000000E+000	 0.000000000000000E+000
 0.000000000000000E+000	 0.000000000000000E+000
 0.000000000000000E+000	 0.000000000000000E+000
 0.000000000000000E+000	 0.000000000000000E+000
 0.000000000000000E+000	 0.000000000000000E+000
 0.000000000000000E+000	 0.000000000000000E+000
 0.000000000000000E+000	 0.000000000000000E+000
 0.000000000000000E+000	 0.000000000000000E+000
 0.000000000000000E+000	 0.000000000000000E+000
 0.000000000000000E+000	 0.000000000000000E+000
 0.000000000000000E+000	 0.000000000000000E+000
 0.000000000000000E+000	 0.000000000000000E+000
 0.000000000000000E+000	 0.000000000000000E+000
 0.000000000000000E+000	 0.000000000000000E+000
 0.000000000000000E+000	 0.000000000000000E+000
 0.000000000000000E+000	 0.000000000000000E+000
 0.000000000000000E+000	 0.000000000000000E+000
 0.000000000000000E+000	 0.000000000000000E+000
 0.000000000000000E+000	 0.000000000000000E+000
 0.000000000000000E+000	 0.000000000000000E+000
 0.000000000000000E+000	 0.000000000000000E+000
 0.000000000000000E+000	 0.000000000000000E+000
 0.000000000000000E+000	 0.000000000000000E+000
 0.000000000000000E+000	 0.000000000000000E+000
 0.000000000000000E+000	 0.000000000000000E+000
 0.000000000000000E+000	 0.000000000000000E+000
 0.000000000000000E+000	 0.000000000000000E+000
 0.000000000000000E+000	 0.000000000000000E+000
 0.000000000000000E+000	 0.000000000000000E+000
 0.000000000000000E+000	 0.000000000000000E+000
 0.000000000000000E+000	 0.000000000000000E+000
 0.000000000000000E+000	 0.000000000000000E+000
 0.000000000000000E+000	 0.000000000000000E+000
 0.000000000000000E+000	 0.000000000000000E+000
 0.000000000000000E+000	 0.000000000000000E+000
 0.000000000000000E+000	 0.000000000000000E+000
 0.000000000000000E+000	 0.000000000000000E+000
 0.000000000000000E+000	 0.000000000000000E+000
 0.000000000000000E+000	 0.000000000000000E+000
 0.000000000000000E+000	 0.000000000000000E+000
 0.000000000000000E+000	 0.000000000000000E+000
 0.000000000000000E+000	 0.000000000000000E+000
 0.000000000000000E+000	 0.000000000000000E+000
 0.000000000000000E+000	 0.000000000000000E+000
 0.000000000000000E+000	 0.000000000000000E+000
 0.000000000000000E+000	 0.000000000000000E+000
 0.000000000000000E+000	 0.000000000000000E+000
 0.000000000000000E+000	 0.000000000000000E+000
 0.000000000000000E+000	 0.000000000000000E+000
 0.000000000000000E+000	 0.000000000000000E+000
 0.000000000000000E+000	 0.000000000000000E+000
 0.000000000000000E+000	 0.000000000000000E+000
 0.000000000000000E+000	 0.000000000000000E+000
 0.000000000000000E+000	 0.000000000000000E+000
 0.000000000000000E+000	 0.000000000000000E+000
 0.000000000000000E+000	 0.000000000000000E+000
 0.000000000000000E+000	 0.000000000000000E+000
 0.000000000000000E+000	 0.000000000000000E+000
 0.000000000000000E+000	 0.000000000000000E+000
 0.000000000000000E+000	 0.000000000000000E+000
 0.000000000000000E+000	 0.000000000000000E+000
 0.000000000000000E+000	 0.000000000000000E+000
 0.000000000000000E+000	 0.000000000000000E+000
 0.000000000000000E+000	 0.000000000000000E+000
 0.000000000000000E+000	 0.000000000000000E+000
 0.000000000000000E+000	 0.000000000000000E+000
 0.000000000000000E+000	 0.000000000000000E+000
 0.000000000000000E+000	 0.000000000000000E+000
 0.000000000000000E+000	 0.000000000000000E+000
 0.000000000000000E+000	 0.000000000000000E+000
 0.000000000000000E+000	 0.000000000000000E+000
 0.000000000000000E+000	 0.000000000000000E+000
 0.000000000000000E+000	 0.000000000000000E+000
 0.000000000000000E+000	 0.000000000000000E+000
 0.000000000000000E+000	 0.000000000000000E+000
 0.000000000000000E+000	 0.000000000000000E+000
 0.000000000000000E+000	 0.000000000000000E+000
 0.000000000000000E+000	 0.000000000000000E+000
 0.000000000000000E+000	 0.000000000000000E+000
 0.000000000000000E+000	 0.000000000000000E+000
 0.000000000000000E+000	 0.000000000000000E+000
 0.000000000000000E+000	 0.000000000000000E+000
 0.000000000000000E+000	 0.000000000000000E+000
 0.000000000000000E+000	 0.000000000000000E+000
 0.000000000000000E+000	 0.000000000000000E+000
 0.000000000000000E+000	 0.000000000000000E+000
 0.000000000000000E+000	 0.000000000000000E+000
 0.000000000000000E+000	 0.000000000000000E+000
 0.000000000000000E+000	 0.000000000000000E+000
 0.000000000000000E+000	 0.000000000000000E+000
 0.000000000000000E+000	 0.000000000000000E+000
 0.000000000000000E+000	 0.000000000000000E+000
 0.000000000000000E+000	 0.000000000000000E+000
 0.000000000000000E+000	 0.000000000000000E+000
 0.000000000000000E+000	 0.000000000000000E+000
 0.000000000000000E+000	 0.000000000000000E+000
 0.000000000000000E+000	 0.000000000000000E+000
 0.000000000000000E+000	 0.000000000000000E+000
 0.000000000000000E+000	 0.000000000000000E+000
 0.000000000000000E+000	 0.000000000000000E+000
 0.000000000000000E+000	 0.000000000000000E+000
 0.000000000000000E+000	 0.000000000000000E+000
 0.000000000000000E+000	 0.000000000000000E+000
 0.000000000000000E+000	 0.000000000000000E+000
 0.000000000000000E+000	 0.000000000000000E+000
 0.000000000000000E+000	 0.000000000000000E+000
 0.000000000000000E+000	 0.000000000000000E+000
 0.000000000000000E+000	 0.000000000000000E+000
 0.000000000000000E+000	 0.000000000000000E+000
 0.000000000000000E+000	 0.000000000000000E+000
 0.000000000000000E+000	 0.000000000000000E+000
 0.000000000000000E+000	 0.000000000000000E+000
 0.000000000000000E+000	 0.000000000000000E+000
 0.000000000000000E+000	 0.000000000000000E+000
 0.000000000000000E+000	 0.000000000000000E+000
 0.000000000000000E+000	 0.000000000000000E+000
 0.000000000000000E+000	 0.000000000000000E+000
 0.000000000000000E+000	 0.000000000000000E+000
 0.000000000000000E+000	 0.000000000000000E+000
 0.000000000000000E+000	 0.000000000000000E+000
 0.000000000000000E+000	 0.000000000000000E+000
 0.000000000000000E+000	 0.000000000000000E+000
 0.000000000000000E+000	 0.000000000000000E+000
 0.000000000000000E+000	 0.000000000000000E+000
 0.000000000000000E+000	 0.000000000000000E+000
 0.000000000000000E+000	 0.000000000000000E+000
 0.000000000000000E+000	 0.000000000000000E+000
 0.000000000000000E+000	 0.000000000000000E+000
 0.000000000000000E+000	 0.000000000000000E+000
 0.000000000000000E+000	 0.000000000000000E+000
 0.000000000000000E+000	 0.000000000000000E+000
 0.000000000000000E+000	 0.000000000000000E+000
 0.000000000000000E+000	 0.000000000000000E+000
 0.000000000000000E+000	 0.000000000000000E+000
 0.000000000000000E+000	 0.000000000000000E+000
 0.000000000000000E+000	 0.000000000000000E+000
 0.000000000000000E+000	 0.000000000000000E+000
 0.000000000000000E+000	 0.000000000000000E+000
 0.000000000000000E+000	 0.000000000000000E+000
 0.000000000000000E+000	 0.000000000000000E+000
 0.000000000000000E+000	 0.000000000000000E+000
 0.000000000000000E+000	 0.000000000000000E+000
 0.000000000000000E+000	 0.000000000000000E+000
 0.000000000000000E+000	 0.000000000000000E+000
 0.000000000000000E+000	 0.000000000000000E+000
 0.000000000000000E+000	 0.000000000000000E+000
 0.000000000000000E+000	 0.000000000000000E+000
 0.000000000000000E+000	 0.000000000000000E+000
 0.000000000000000E+000	 0.000000000000000E+000
 0.000000000000000E+000	 0.000000000000000E+000
 0.000000000000000E+000	 0.000000000000000E+000
 0.000000000000000E+000	 0.000000000000000E+000
 0.000000000000000E+000	 0.000000000000000E+000
 0.000000000000000E+000	 0.000000000000000E+000
 0.000000000000000E+000	 0.000000000000000E+000
 0.000000000000000E+000	 0.000000000000000E+000
 0.000000000000000E+000	 0.000000000000000E+000
 0.000000000000000E+000	 0.000000000000000E+000
 0.000000000000000E+000	 0.000000000000000E+000
 0.000000000000000E+000	 0.000000000000000E+000
 0.000000000000000E+000	 0.000000000000000E+000
 0.000000000000000E+000	 0.000000000000000E+000
 0.000000000000000E+000	 0.000000000000000E+000
 0.000000000000000E+000	 0.000000000000000E+000
 0.000000000000000E+000	 0.000000000000000E+000
 0.000000000000000E+000	 0.000000000000000E+000
 0.000000000000000E+000	 0.000000000000000E+000
 0.000000000000000E+000	 0.000000000000000E+000
 0.000000000000000E+000	 0.000000000000000E+000
 0.000000000000000E+000	 0.000000000000000E+000
 0.000000000000000E+000	 0.000000000000000E+000
 0.000000000000000E+000	 0.000000000000000E+000
 0.000000000000000E+000	 0.000000000000000E+000
 0.000000000000000E+000	 0.000000000000000E+000
 0.000000000000000E+000	 0.000000000000000E+000
 0.000000000000000E+000	 0.000000000000000E+000
 0.000000000000000E+000	 0.000000000000000E+000
 0.000000000000000E+000	 0.000000000000000E+000
 0.000000000000000E+000	 0.000000000000000E+000
 0.000000000000000E+000	 0.000000000000000E+000
 0.000000000000000E+000	 0.000000000000000E+000
 0.000000000000000E+000	 0.000000000000000E+000
 0.000000000000000E+000	 0.000000000000000E+000
 0.000000000000000E+000	 0.000000000000000E+000
 0.000000000000000E+000	 0.000000000000000E+000
 0.000000000000000E+000	 0.000000000000000E+000
 0.000000000000000E+000	 0.000000000000000E+000
 0.000000000000000E+000	 0.000000000000000E+000
 0.000000000000000E+000	 0.000000000000000E+000
 0.000000000000000E+000	 0.000000000000000E+000
 0.000000000000000E+000	 0.000000000000000E+000
 0.000000000000000E+000	 0.000000000000000E+000
 0.000000000000000E+000	 0.000000000000000E+000
 0.000000000000000E+000	 0.000000000000000E+000
 0.000000000000000E+000	 0.000000000000000E+000
 0.000000000000000E+000	 0.000000000000000E+000
 0.000000000000000E+000	 0.000000000000000E+000
 0.000000000000000E+000	 0.000000000000000E+000
 0.000000000000000E+000	 0.000000000000000E+000
 0.000000000000000E+000	 0.000000000000000E+000
 0.000000000000000E+000	 0.000000000000000E+000
 0.000000000000000E+000	 0.000000000000000E+000
 0.000000000000000E+000	 0.000000000000000E+000
 0.000000000000000E+000	 0.000000000000000E+000
 0.000000000000000E+000	 0.000000000000000E+000
 0.000000000000000E+000	 0.000000000000000E+000
 0.000000000000000E+000	 0.000000000000000E+000
 0.000000000000000E+000	 0.000000000000000E+000
 0.000000000000000E+000	 0.000000000000000E+000
 0.000000000000000E+000	 0.000000000000000E+000
 0.000000000000000E+000	 0.000000000000000E+000
 0.000000000000000E+000	 0.000000000000000E+000
 0.000000000000000E+000	 0.000000000000000E+000
 0.000000000000000E+000	 0.000000000000000E+000
 0.000000000000000E+000	 0.000000000000000E+000
 0.000000000000000E+000	 0.000000000000000E+000
 0.000000000000000E+000	 0.000000000000000E+000
 0.000000000000000E+000	 0.000000000000000E+000
 0.000000000000000E+000	 0.000000000000000E+000
 0.000000000000000E+000	 0.000000000000000E+000
 0.000000000000000E+000	 0.000000000000000E+000
 0.000000000000000E+000	 0.000000000000000E+000
 0.000000000000000E+000	 0.000000000000000E+000
 0.000000000000000E+000	 0.000000000000000E+000
 0.000000000000000E+000	 0.000000000000000E+000
 0.000000000000000E+000	 0.000000000000000E+000
 0.000000000000000E+000	 0.000000000000000E+000
 0.000000000000000E+000	 0.000000000000000E+000
 0.000000000000000E+000	 0.000000000000000E+000
 0.000000000000000E+000	 0.000000000000000E+000
 0.000000000000000E+000	 0.000000000000000E+000
 0.000000000000000E+000	 0.000000000000000E+000
 0.000000000000000E+000	 0.000000000000000E+000
 0.000000000000000E+000	 0.000000000000000E+000
 0.000000000000000E+000	 0.000000000000000E+000
 0.000000000000000E+000	 0.000000000000000E+000
 0.000000000000000E+000	 0.000000000000000E+000
 0.000000000000000E+000	 0.000000000000000E+000
 0.000000000000000E+000	 0.000000000000000E+000
 0.000000000000000E+000	 0.000000000000000E+000
 0.000000000000000E+000	 0.000000000000000E+000
 0.000000000000000E+000	 0.000000000000000E+000
 0.000000000000000E+000	 0.000000000000000E+000
 0.000000000000000E+000	 0.000000000000000E+000
 0.000000000000000E+000	 0.000000000000000E+000
 0.000000000000000E+000	 0.000000000000000E+000
 0.000000000000000E+000	 0.000000000000000E+000
 0.000000000000000E+000	 0.000000000000000E+000
 0.000000000000000E+000	 0.000000000000000E+000
 0.000000000000000E+000	 0.000000000000000E+000
 0.000000000000000E+000	 0.000000000000000E+000
 0.000000000000000E+000	 0.000000000000000E+000
 0.000000000000000E+000	 0.000000000000000E+000
 0.000000000000000E+000	 0.000000000000000E+000
 0.000000000000000E+000	 0.000000000000000E+000
 0.000000000000000E+000	 0.000000000000000E+000
 0.000000000000000E+000	 0.000000000000000E+000
 0.000000000000000E+000	 0.000000000000000E+000
 0.000000000000000E+000	 0.000000000000000E+000
 0.000000000000000E+000	 0.000000000000000E+000
 0.000000000000000E+000	 0.000000000000000E+000
 0.000000000000000E+000	 0.000000000000000E+000
 0.000000000000000E+000	 0.000000000000000E+000
 0.000000000000000E+000	 0.000000000000000E+000
 0.000000000000000E+000	 0.000000000000000E+000
 0.000000000000000E+000	 0.000000000000000E+000
 0.000000000000000E+000	 0.000000000000000E+000
 0.000000000000000E+000	 0.000000000000000E+000
 0.000000000000000E+000	 0.000000000000000E+000
 0.000000000000000E+000	 0.000000000000000E+000
 0.000000000000000E+000	 0.000000000000000E+000
 0.000000000000000E+000	 0.000000000000000E+000
 0.000000000000000E+000	 0.000000000000000E+000
 0.000000000000000E+000	 0.000000000000000E+000
 0.000000000000000E+000	 0.000000000000000E+000
 0.000000000000000E+000	 0.000000000000000E+000
 0.000000000000000E+000	 0.000000000000000E+000
 0.000000000000000E+000	 0.000000000000000E+000
 0.000000000000000E+000	 0.000000000000000E+000
 0.000000000000000E+000	 0.000000000000000E+000
 0.000000000000000E+000	 0.000000000000000E+000
 0.000000000000000E+000	 0.000000000000000E+000
 0.000000000000000E+000	 0.000000000000000E+000
 0.000000000000000E+000	 0.000000000000000E+000
 0.000000000000000E+000	 0.000000000000000E+000
 0.000000000000000E+000	 0.000000000000000E+000
 0.000000000000000E+000	 0.000000000000000E+000
 0.000000000000000E+000	 0.000000000000000E+000
 0.000000000000000E+000	 0.000000000000000E+000
 0.000000000000000E+000	 0.000000000000000E+000
 0.000000000000000E+000	 0.000000000000000E+000
 0.000000000000000E+000	 0.000000000000000E+000
 0.000000000000000E+000	 0.000000000000000E+000
 0.000000000000000E+000	 0.000000000000000E+000
 0.000000000000000E+000	 0.000000000000000E+000
 0.000000000000000E+000	 0.000000000000000E+000
 0.000000000000000E+000	 0.000000000000000E+000
 0.000000000000000E+000	 0.000000000000000E+000
 0.000000000000000E+000	 0.000000000000000E+000
 0.000000000000000E+000	 0.000000000000000E+000
 0.000000000000000E+000	 0.000000000000000E+000
 0.000000000000000E+000	 0.000000000000000E+000
 0.000000000000000E+000	 0.000000000000000E+000
 0.000000000000000E+000	 0.000000000000000E+000
 2.381954052973580E-015	-1.292391025485758E-015
 9.246701921315682E-017	 8.396545723627705E-016
 1.085378259168486E-015	-2.320766574446235E-015
 5.054078227086466E-016	 1.049987540646216E-015
-3.490390946194503E-016	-1.265638730298128E-015
-1.058343108143956E-015	 6.175036000564032E-016
 6.707446785351172E-016	-3.379397364630298E-016
-1.331542123377316E-015	 2.380112409231751E-016
-4.326414140719292E-015	-1.648303169196354E-016
-7.548156548062586E-016	-8.241685807868877E-016
-7.228993636490825E-016	-4.200538334108944E-016
-1.292578555794076E-015	-6.669056540165588E-016
-2.913926997700591E-016	 4.551913232559690E-016
-5.033567308671069E-016	-2.036881466469432E-015
-6.310188345652859E-017	-2.182706595083490E-015
 7.920636210561996E-016	 7.932293681788912E-017
 2.400056053383752E-016	-5.938156676763277E-016
-7.909870298244311E-017	 1.009830586424772E-015
-1.843464951892546E-015	-1.424672149856872E-015
 1.193834476792854E-016	 3.838507398611329E-016
-1.769465492008467E-015	 1.383249986922233E-015
-3.861565914890160E-016	 1.416805492284725E-015
-1.987752745007616E-015	-1.878152634011221E-015
-1.590474311660003E-015	-6.677461774456478E-018
 5.837902147031967E-016	 3.901507351133377E-016
 3.517541224526617E-016	-1.722754398267925E-016
-2.919969041015838E-015	 1.446235812491790E-015
-2.335657786100460E-015	 1.531570265218306E-016
-8.220563811823971E-017	 5.719087323740818E-017
 2.563565314912305E-017	 4.202344569175219E-017
-7.165050487413873E-016	-3.456292648889885E-016
 4.246563848871736E-017	-8.941018210085557E-016
 4.569612978929542E-016	-2.882055341624043E-016
 1.823042240771246E-015	 8.218533773554508E-016
 5.504240116573503E-016	-1.378700860931583E-015
-9.849662876950005E-016	-8.238022916451299E-016
-2.123361570130569E-015	-3.322506942217091E-016
 6.107851171278962E-016	 1.497412281023787E-015
 1.313880923960752E-015	 5.790255203118731E-017
 5.074084952306741E-016	 7.033805266827771E-016
-1.737039606638966E-016	-1.056355193098238E-015
-7.588983077755980E-017	 8.097349245570693E-016
-9.957329797673306E-017	-2.219752290245201E-016
-1.256696824199903E-016	-8.790605430192017E-016
 1.837210413455137E-015	 9.756197083069457E-016
-8.530315452561087E-016	-1.031890372135112E-015
 6.286372616454027E-016	-2.508133397032347E-015
-9.509345630073259E-016	 7.697201289273592E-016
 3.938629689910718E-016	-6.320394206539153E-017
 1.338181513320982E-015	 2.674423604856342E-017
-2.032781055740576E-015	 1.343539663669404E-015
-3.533418803262728E-016	-7.823447211901880E-016
-3.020308194669457E-015	 3.154263698144573E-016
-1.013930209978351E-015	 2.033331445957658E-015
-1.197708626581779E-015	-1.267266430514251E-015
 1.177806660076290E-017	-2.383753028682948E-015
 2.205408869419431E-015	 7.775886636140750E-016
 1.807983073179413E-015	 1.649939348784776E-016
-2.325856062912042E-015	 8.408680075384822E-016
-2.430807112456624E-016	-7.872984422395798E-016
-2.458956181722973E-015	 1.028454666228094E-015
-1.911466664069398E-015	 2.805803646813174E-017
-1.430938177068355E-015	 2.887154394475653E-016
-2.284829738357567E-015	-7.108430856502489E-016
 1.250697186184390E-015	 1.394903265662838E-015
-6.054841257960213E-016	 1.679714122098257E-016
 2.303497945412318E-016	-1.982552739768574E-015
-1.399331331006508E-015	 6.394533343296386E-016
-3.083386832950738E-015	-3.165017382205195E-015
-7.438650287222492E-016	-4.236601289319421E-016
-2.801897409008682E-015	-1.233034030846430E-015
-1.332727290664701E-017	 1.214607479253386E-015
 1.141767397307586E-015	 5.069269963639424E-017
-1.614573223323597E-015	 1.694361122892760E-015
 8.334524635056668E-016	 2.175103986993999E-015
 5.708009171639678E-016	-9.274038470063612E-016
-2.419541040921335E-015	 3.153768737748607E-017
 5.805289252775516E-017	-9.719829097014715E-016
 2.266239654961431E-015	 1.819006653358181E-015
-6.254243766049712E-016	-5.685091360824272E-016
-5.247262997043127E-016	-6.931370462431075E-016
-2.356664946985504E-015	 1.017547717661605E-015
 1.271637176828623E-015	-1.642763595675626E-015
 3.278159566343393E-016	 5.570933018855960E-016
-5.183684318576543E-016	 1.181607064095298E-015
 8.013732494503038E-016	 3.598047579826991E-015
 1.307383819702757E-017	 2.421636975820656E-015
-2.955203924241134E-016	 2.120151296743378E-015
 1.074475775616402E-015	 2.480983502802481E-015
-1.325824468804934E-015	 6.580441499481385E-016
-8.680840218033790E-016	 1.830669278227947E-016
 6.713046028577074E-016	 5.898827787659948E-016
-3.187897444011707E-015	 1.335421951558720E-015
-3.498003113419531E-016	-9.764245781417665E-016
 7.638685557156988E-017	 1.176992715392017E-015
-1.145314589361971E-015	 4.355480260992445E-017
 7.338718933183932E-016	-3.371533917420879E-015
 3.376280070592678E-016	 5.861958770133868E-016
 7.062150993045212E-016	-6.998966861713009E-016
-1.027079535118872E-015	 5.386276570848740E-016
-1.334669688880126E-015	-2.790365273552018E-016
 1.427435505088367E-015	 8.368756798039508E-016
-3.180420309856599E-016	 1.005011907669447E-016
 2.270434220917372E-016	-2.104819795789200E-015
 1.611870527367568E-016	 4.970314041184535E-016
 1.646246278279426E-016	-2.796893247073031E-016
-1.930153060298476E-015	-7.744978635816574E-017
-4.726792442437040E-016	 8.106595862988570E-016
 7.820435604898336E-016	 1.480265622178847E-015
 1.281017244670912E-015	-4.794128746936659E-016
-2.201660930427269E-016	 1.476987578575446E-015
-1.167792309575719E-015	-1.699673755512981E-015
-1.758356416548441E-015	 1.115016972346698E-015
 1.656620013023132E-016	-3.012084578055451E-016
-1.265798519726496E-016	-1.316966333047060E-016
 3.993151575917229E-016	 1.394169856745077E-015
 3.314349449584515E-015	-2.280034628225156E-015
 2.436389073484628E-016	-1.242603895325323E-015
 2.171661904474960E-016	-6.647967264175208E-016
-4.657752108395663E-016	 1.463304167870250E-017
 2.058709876130749E-015	 2.476213177152307E-016
 5.666613948626803E-016	-7.002953101585409E-016
-1.546477134858917E-016	 1.752709245750418E-016
-9.263151490683840E-016	-1.017560385706987E-015
 8.012519582850447E-016	 1.117367903058414E-015
-1.896552750995666E-016	-9.492938179723598E-016
-7.235771290527399E-016	-7.217997290411023E-016
-3.383883423663984E-016	-3.068675668912279E-016
-2.199608511830330E-016	-1.974755379417529E-015
-1.768117455315254E-016	 2.443977675063199E-015
-2.271057114154695E-016	-1.521158366298871E-015
-7.128738997264788E-016	 6.560442466865962E-016
-1.987939386105259E-015	-1.212320658924691E-016
 1.886782060100265E-016	 1.789708566585718E-015
 8.373457379056298E-017	-3.387548485404063E-016
 2.091951636278824E-015	 1.013948612741103E-015
 9.175972791287162E-016	-7.039478751524101E-016
-1.158630071572183E-015	-2.344935501701134E-015
 9.600766209726367E-016	-7.978651816560098E-016
-9.429689028757952E-016	-5.024791289452036E-016
 2.514654085853239E-015	-3.074948807487905E-015
-6.264074630521503E-016	-3.910523593443096E-016
-2.018240899700631E-015	-3.159094687572803E-016
-1.453898348717308E-015	 2.729493495758703E-015
-8.276992717644453E-016	-3.640118077359545E-016
-5.203155831654343E-016	 1.942156598582689E-015
-1.862703125852336E-017	-2.298838108210427E-015
 1.498732287591222E-015	-2.467261357944012E-015
 3.509219334128976E-016	 7.785201466910642E-016
 1.791640740525314E-015	-4.234245564218202E-015
 8.307925864211948E-016	-2.393600576993781E-015
-1.376953561381872E-015	-9.631373486905136E-016
 6.367919578328118E-016	 7.490404831882544E-016
 1.011248582832104E-015	-6.462372914753758E-017
 1.285581103861060E-015	-2.177714078367379E-016
 1.159808856714386E-015	-1.047630309936315E-015
-7.189514903839285E-016	 3.668634741871140E-016
 1.490964649148043E-015	-2.272646488730989E-016
 1.717534183208500E-015	 1.690531458037710E-016
 5.252052152839436E-016	 6.733635191243647E-016
-2.585755169933919E-015	 9.998331134870410E-017
 7.734624171253766E-016	-6.528166451336212E-016
-1.068445177528003E-015	-8.168874634616005E-017
-4.145260211692177E-016	 1.016408032889638E-016
 1.373767255905062E-015	-1.283750809083076E-015
-8.584931450520343E-016	-7.500878907045992E-016
 5.657027303048835E-016	 5.653988640933076E-017
 2.336169528023513E-016	 3.161652019951983E-016
-9.536504101927060E-016	 3.609056885154082E-016
-1.296615446889107E-015	 2.956573339847827E-016
 2.003070556132703E-015	 1.967196662021631E-015
 1.425822197106643E-015	 7.541133694020964E-016
-6.933408718224590E-016	-5.911006532300862E-016
 1.259581923964736E-015	-6.247659222703208E-016
-1.597654716963853E-015	 5.537829049528998E-016
-1.647035108965957E-015	-6.007771662776556E-016
 9.480659263421423E-016	-8.988150105292807E-016
 1.912435003206241E-015	 1.542776523639344E-015
-6.201726664478952E-016	-3.223264696774488E-016
 2.704371320237875E-016	 8.981718856301464E-016
 6.897524126625754E-016	-4.339035803363274E-016
-9.936256557939182E-016	 1.565970800013655E-017
-2.086425066590495E-015	 6.280999137175318E-016
 8.540469857331287E-016	-5.917994252566048E-017
 6.573643430032328E-017	-3.359151008143673E-016
-2.178985291151399E-016	-5.700810137353193E-017
 1.124685569107026E-015	-2.659753842089485E-016
 2.733638340164127E-016	 6.432516453792687E-016
-8.284896399775098E-016	-3.892626369349523E-016
-9.416801294874596E-018	 8.813566901564928E-018
 2.105757702122649E-015	-3.170093757345699E-016
-1.171554538365855E-016	-1.182517603971961E-015
-4.708945094373312E-017	 1.606838046059665E-016
 5.456092241379630E-017	-5.803055622619091E-016
-9.074879602392420E-016	-9.392932119179183E-017
 8.767325541733385E-016	 3.658546323005226E-016
 5.575566708500591E-016	-3.422630638331759E-016
-1.995297311274856E-015	-4.555161480796742E-016
-1.335929178952007E-015	-1.218045514497986E-015
 7.040944597029220E-016	-8.277484265419423E-017
 4.147710753845340E-016	-1.541212449553956E-015
 2.068643402275925E-015	 1.236665158129023E-015
 4.928002821943249E-016	 2.028294147504777E-015
-2.174062130225919E-015	 1.239888718625699E-016
-6.514383808856024E-016	-1.386023185348729E-015
-3.102760156194631E-016	-1.652889949171934E-015
-1.351807329996426E-015	 7.531301279560954E-016
-2.218382032722699E-015	-4.918858750617465E-016
-4.345839554421511E-016	-1.506517972589373E-015
-5.100077063470454E-016	-1.009668047332002E-015
 1.767411604130745E-016	 5.385724459531623E-016
 1.366908516117323E-016	 1.241960319643483E-016
 4.138834323678230E-016	 1.325052095130191E-015
-2.422868186350123E-015	-5.396683152317832E-016
-6.730021389375429E-016	 1.241443280205592E-015
 9.311008327941236E-016	 4.260554033404744E-016
-2.475209617698573E-016	 6.195850853669802E-016
 2.138352321769279E-015	-1.355906484843792E-015
 1.836247557073075E-015	-5.229423147405898E-016
-1.402935098323525E-015	 6.217117696379035E-016
 2.338520205500473E-015	-2.066774209457875E-015
 7.747059809746560E-016	 1.719495338844379E-015
 1.548122248686596E-015	-3.266822843170384E-016
-1.940756291246602E-017	-6.913122073316487E-016
 6.538967333617238E-016	-5.896906243981595E-016
 1.584166154735806E-015	-6.078947913527588E-016
 1.162465200380190E-015	-1.240074149364159E-015
 4.957875333970896E-016	 1.028492507707260E-015
 3.269535886136957E-017	-3.096680284803060E-015
 4.596214284710396E-016	 1.071859034566196E-015
-1.219060252458993E-015	-3.528169136549196E-016
 8.200816513491446E-016	 6.805383505853834E-016
-2.162751850202106E-015	 4.833141307477200E-015
-1.513431597192370E-017	 2.591568217832178E-016
-6.449098417784346E-016	-8.196215122054567E-016
 1.358364952133837E-015	 1.214514928527714E-015
-3.607175913620490E-016	 8.241037450454809E-017
-1.372689980977558E-015	-5.133317755901040E-016
-6.623012685130622E-016	-9.069342544430199E-017
-8.663269084717330E-016	-3.658387599071323E-016
-5.953468055446507E-016	-6.097138498923295E-016
-8.202214061957817E-016	-7.407801938292833E-016
 1.363732542739572E-015	 2.662347472953554E-015
-3.155265641484465E-016	-1.566194437985657E-016
-8.144786417817556E-016	 1.457565184809264E-015
 2.645164167061156E-015	-2.752573770667571E-015
-1.594729257315345E-015	 2.236046911840306E-015
-3.231076490216135E-016	-4.550562193279505E-016
-2.236402384502524E-015	 8.918278770035201E-016
 5.040645522387641E-016	-1.377602338807981E-015
-4.550106425970438E-016	 1.871307576182292E-015
 3.785007933303404E-017	 4.240033387998572E-016
 9.056092479621809E-016	 1.926718379251146E-015
-1.830756109362212E-015	-1.335375759159097E-015
-5.363363653569692E-016	-8.871104792463215E-016
 1.694283045157114E-015	-9.795889957117574E-016
-1.758799472364271E-015	 7.052491612797241E-016
 4.660743338398785E-016	-3.424577491491762E-016
 5.108068044838260E-016	 2.309117498075333E-015
-2.756086469557560E-016	-3.467817212099010E-016
-1.126923835368501E-016	 5.023687580907596E-016
-7.564574336963757E-016	-4.636033704102908E-016
-6.691649710260403E-016	-2.133987094920457E-015
-7.946141227588144E-017	-1.697346844359900E-015
-2.619592090654225E-015	-1.182069873139459E-016
 1.514996954227773E-015	-1.011191236500841E-015
-2.904322677724558E-015	-9.112047854936696E-016
 1.414847523945549E-015	-1.706338268342766E-015
 3.807868015055607E-016	 3.065092217711754E-015
-5.832627448068211E-015	 5.760803033156546E-016
 6.753433395340023E-015	-1.088793379669808E-014
 2.370498360385434E-015	 2.055949670163092E-014
-2.342449354899965E-014	-1.238308367815259E-014
 4.196348899545459E-014	-3.367766316677879E-014
-1.847904615878484E-014	 1.153854272693554E-013
-7.537224325541225E-014	-1.711978628619694E-013
 2.267447005295524E-013	 8.543070417718305E-014
-2.710893553418816E-013	 2.806136089304843E-013
-1.618287657757598E-013	-9.296317679135200E-013
 1.284745428401328E-012	 1.277587995141665E-012
-2.527566684096339E-012	-2.504342991794828E-013
 1.724842514108685E-012	-2.755530017857072E-012
 3.061607292093353E-012	 6.211279424650781E-012
-1.390408971373866E-011	-6.059788459267531E-012
 2.486207929405779E-011	-4.846549361507089E-012
-1.623090056863157E-011	 2.820941840410342E-011
-3.726873647813781E-011	-4.232629584746703E-011
 1.288162484576922E-010	 1.838537733980647E-012
-1.825692572925837E-010	 1.218143824380851E-010
 1.002257016414405E-010	-2.994372172722662E-010
 2.986716108330268E-010	 3.336171050924804E-010
-9.866173837562641E-010	 2.804236465908462E-010
 1.224618913545422E-009	-1.746600375346218E-009
 1.550251766361736E-010	 3.205655253367872E-009
-3.178539103054096E-009	-1.930831767008375E-009
 6.332315144411585E-009	-2.806119709025752E-009
-4.827175980059022E-009	 1.647397780121476E-008
-1.088873995325088E-008	-3.040748123182870E-008
 3.869152909003410E-008	 1.830229832205102E-008
-4.313029576195032E-008	 4.370410360679668E-008
-1.521437410041362E-008	-1.325292697183858E-007
 1.596291289451913E-007	 1.822381794159563E-007
-4.181841163309478E-007	-1.095575863098342E-007
 4.369206997735183E-007	-3.702344594818253E-007
 4.515521746020976E-007	 1.046068719305355E-006
-2.132797623903695E-006	-1.029691644380898E-006
 3.838617498452827E-006	-8.489939955471456E-007
-2.047576723024143E-006	 3.714049388445070E-006
-1.596747141356567E-006	-7.309738477123884E-006
 1.957125468112335E-005	 3.277384334581026E-006
-3.472697453313075E-005	 1.908988125390514E-005
 1.673848715696198E-005	-5.431576725123305E-005
 5.463007993942868E-005	 3.870615455084203E-005
-1.203955420914611E-004	 2.603363435474472E-005
 1.764667112316381E-004	-1.535152978583031E-004
-1.206996887959912E-004	 6.250038900018904E-004
-5.716338176128513E-004	-5.843747576343703E-004
 1.049940244466560E-003	-8.332752204868517E-004
-6.936689053040863E-004	 2.113914477635836E-003
-1.363627229182549E-003	-4.075837203870517E-003
 4.368158778511565E-003	 3.120967778346840E-003
-1.213951064602298E-002	-7.275088340842370E-004
-2.223203593715489E-003	-2.723435106563041E-002
 2.502820501147006E-002	 3.282420136846659E-002
-7.614297981847565E-002	-1.506558394794744E-002
 4.695586677905583E-002	-6.885632278921117E-002
 3.737248039455028E-002	 1.201491204694679E-001
-1.349282289267146E-001	-1.973652279867893E-001
 9.805412742964967E-001	 6.046426533238507E-002
-8.111952166293968E-001	 1.106187438374413E+000
-1.896571867664332E+000	-1.002681715857655E+000
 2.451698971318650E+000	-5.066254707401572E-001
-2.680749937216512E+000	 2.036131467581265E+000
 3.905418024436781E+000	-4.200850281868489E+000
-1.379647766706850E+000	 2.570082115966910E+001
-4.837550035695915E+001	 4.103706067651380E+001
-8.614761717629436E+000	-2.627244508646533E+001
 1.607523662229544E+001	 2.036579542743896E+001
-2.486922482435565E+001	-1.223705281231189E+001
 5.224323302121680E+001	-7.247602380063540E+000
-1.006771754621536E+002	 1.749569064269788E+002
